0 0.72421875 0.3546875 0.0359375 0.0671875
0 0.6703125 0.453125 0.0390625 0.0703125
0 0.2453125 0.51171875 0.053125 0.084375
1 0.1140625 0.559375 0.0609375 0.0703125
1 0.46640625 0.521875 0.0328125 0.059375
0 0.27265625 0.62265625 0.0703125 0.0921875
0 0.5984375 0.015625 0.025 0.03125
1 0.15625 0.22578125 0.0359375 0.0640625
0 0.57109375 0.17890625 0.034375 0.0578125
0 0.04765625 0.2546875 0.0296875 0.05
0 0.29296875 0.275 0.0328125 0.0578125
1 0.421875 0.33359375 0.0546875 0.084375
0 0.59921875 0.3140625 0.034375 0.0703125
0 0.04296875 0.38359375 0.034375 0.05625
1 0.13671875 0.3765625 0.04375 0.0671875