0 0.7515625 0.4171875 0.0265625 0.06015625
0 0.68984375 0.50234375 0.02890625 0.0625
0 0.28984375 0.50859375 0.040625 0.07421875
1 0.1625 0.5375 0.05078125 0.06015625
1 0.49296875 0.54296875 0.02421875 0.053125
0 0.30234375 0.6140625 0.05625 0.0796875
0 0.6734375 0.08515625 0.01953125 0.0359375
1 0.2390625 0.2328125 0.0265625 0.0578125
0 0.62890625 0.2375 0.0265625 0.0515625
0 0.1359375 0.2484375 0.021875 0.04453125
0 0.3609375 0.2953125 0.02421875 0.0515625
1 0.4734375 0.36328125 0.04296875 0.0734375
0 0.6390625 0.365625 0.02421875 0.0625
0 0.11640625 0.36640625 0.0265625 0.05078125
1 0.2046875 0.37109375 0.03359375 0.06015625