0 0.803125 0.39375 0.0328125 0.0671875
0 0.74375 0.490625 0.0359375 0.0703125
0 0.309375 0.52734375 0.05 0.084375
1 0.17265625 0.56875 0.059375 0.06875
1 0.5328125 0.55 0.03125 0.059375
0 0.33046875 0.6421875 0.0671875 0.090625
0 0.69296875 0.0390625 0.0234375 0.040625
1 0.2328125 0.2328125 0.0328125 0.0640625
0 0.65625 0.2078125 0.0328125 0.0578125
0 0.121875 0.25703125 0.0265625 0.05
0 0.3703125 0.290625 0.0296875 0.0578125
1 0.49765625 0.35703125 0.0515625 0.0828125
0 0.678125 0.34609375 0.03125 0.0703125
0 0.11015625 0.38671875 0.0328125 0.05625
1 0.20625 0.38515625 0.040625 0.06875