0 0.75 0.4 0.0296875 0.0625
0 0.69296875 0.48984375 0.0328125 0.0640625
0 0.2875 0.5171875 0.0453125 0.078125
1 0.159375 0.553125 0.0546875 0.0640625
1 0.4953125 0.54140625 0.0265625 0.0546875
0 0.30546875 0.6234375 0.0609375 0.0828125
0 0.653125 0.06796875 0.021875 0.0375
1 0.22109375 0.240625 0.0296875 0.059375
0 0.61640625 0.225 0.0296875 0.053125
0 0.1171875 0.26171875 0.0234375 0.046875
0 0.34765625 0.29765625 0.0265625 0.053125
1 0.46640625 0.3609375 0.046875 0.0765625
0 0.63359375 0.35390625 0.028125 0.0640625
0 0.10390625 0.3828125 0.0296875 0.053125
1 0.19375 0.3828125 0.0375 0.0625