1 0.8890625 0.171875 0.0578125 0.11796875
1 0.74375 0.17421875 0.03125 0.084375
1 0.61796875 0.18125 0.04296875 0.11171875
1 0.4734375 0.1828125 0.0578125 0.1390625
0 0.79453125 0.18359375 0.05078125 0.10703125
1 0.9671875 0.196875 0.0265625 0.0671875
0 0.25 0.20234375 0.053125 0.11640625
1 0.5296875 0.20703125 0.05078125 0.1296875
0 0.2046875 0.21484375 0.0484375 0.12109375
1 0.0765625 0.21640625 0.0578125 0.1296875
1 0.6765625 0.221875 0.0359375 0.078125
1 0.30234375 0.22734375 0.05625 0.11796875