0 0.78359375 0.44609375 0.03125 0.0640625
0 0.71328125 0.5296875 0.034375 0.0671875
0 0.29765625 0.50703125 0.046875 0.0796875
1 0.16328125 0.528125 0.05625 0.065625
1 0.50625 0.55859375 0.028125 0.05625
0 0.303125 0.61796875 0.0640625 0.0859375
0 0.7265625 0.09609375 0.0234375 0.0390625
1 0.26484375 0.21796875 0.03125 0.0625
0 0.66953125 0.25 0.03125 0.05625
0 0.15703125 0.2265625 0.0265625 0.046875
0 0.38671875 0.290625 0.028125 0.05625
1 0.49921875 0.36953125 0.05 0.0796875
0 0.67109375 0.384375 0.0296875 0.0671875
0 0.128125 0.346875 0.03125 0.0546875
1 0.21953125 0.35859375 0.0390625 0.0640625