0 0.7796875 0.4625 0.0390625 0.065625
0 0.7015625 0.53671875 0.040625 0.06875
0 0.29765625 0.46484375 0.05625 0.0828125
1 0.1640625 0.46875 0.0625 0.0703125
1 0.49453125 0.5390625 0.034375 0.0578125
0 0.2890625 0.57265625 0.071875 0.090625
0 0.76640625 0.1140625 0.0265625 0.0390625
1 0.30078125 0.178125 0.0375 0.0640625
0 0.69140625 0.2578125 0.0375 0.0578125
0 0.19375 0.171875 0.0296875 0.0484375
0 0.4109375 0.2640625 0.034375 0.05625
1 0.5109375 0.3546875 0.0578125 0.0828125
0 0.6765625 0.3890625 0.0375 0.0671875
0 0.1515625 0.28828125 0.0359375 0.05625
1 0.23828125 0.31015625 0.0453125 0.0671875