0 0.771875 0.35859375 0.0375 0.06875
0 0.71640625 0.46015625 0.040625 0.071875
0 0.2796875 0.52109375 0.0546875 0.0875
1 0.14453125 0.56875 0.0625 0.0734375
1 0.50625 0.53125 0.0328125 0.0609375
0 0.3078125 0.634375 0.0734375 0.09375
0 0.64140625 0.0140625 0.0265625 0.028125
1 0.1875 0.2265625 0.0359375 0.065625
0 0.6140625 0.17890625 0.0359375 0.059375
0 0.07734375 0.25703125 0.0296875 0.0515625
0 0.32890625 0.278125 0.0328125 0.059375
1 0.4609375 0.33828125 0.0578125 0.0859375
0 0.64296875 0.3171875 0.034375 0.071875
0 0.071875 0.3890625 0.0359375 0.0578125
1 0.16875 0.3828125 0.0453125 0.0703125